1975 9 22 25 31 40 15 MCFIL
1974 2 14 26 29 40 8 LLCKE
1973 3 17 22 35 36 12 NEMAJ
1972 23 25 26 27 41 9 BAANX
1971 2 10 11 17 22 12 HAFEV
1970 5 12 14 15 40 5 GBAXH
1969 2 7 15 16 22 4 EHAFV
1968 1 11 23 30 32 14 JLGBL
1967 5 11 22 27 35 15 FKEHM
1966 1 5 15 18 39 7 DJCTE
1965 3 27 35 39 42 15 WHDCD
1964 6 11 28 34 39 11 EPFEJ
1963 3 6 7 21 34 5 CANML
1962 4 8 22 25 28 14 DNCCR
1961 2 10 13 16 26 11 HCCJR
1960 6 19 31 33 39 5 MLBFJ
1959 9 16 26 29 31 16 GJCBT
1958 4 26 32 36 42 4 UFDFE
1957 8 17 18 37 42 11 IAREI
1956 4 13 18 29 37 13 IEKHJ
1955 10 20 23 28 39 8 JCEKN
1954 4 15 17 19 25 1 KBBFU
1953 4 8 16 31 37 7 DHÑFJ
1952 8 18 19 22 38 11 JACOM
1951 1 9 20 33 41 9 HKMHC
1950 9 19 20 35 39 12 JAÑDM
1949 13 21 22 24 32 16 HABHW
1948 6 7 15 38 40 16 AHVBI
1947 1 8 9 22 23 7 GAMAT
1946 8 15 26 32 37 3 GKFEN
1945 2 10 36 37 40 15 HYACE
1944 2 4 18 28 33 11 BNJEL
1943 8 22 24 25 40 12 NBAÑK
1942 8 18 22 23 28 11 JDAEV
1941 2 5 13 27 41 7 CHNND
1940 1 10 15 20 28 15 IEEHO
1939 6 21 23 31 32 15 ÑBHAP
1938 8 14 20 23 28 7 FFCEV
1937 4 8 10 26 32 3 DBOFÑ
1936 11 18 30 40 42 10 GLJBL
1935 11 19 20 27 28 4 HAGAY
1934 7 18 21 23 28 13 KCBEU
1933 1 19 31 36 41 15 QLEEC
1932 1 12 23 29 38 9 KKFIF
1931 4 9 10 17 25 6 EAGHU
1930 3 20 24 37 38 11 PDMAH
1929 7 9 10 22 39 8 BALPK
1928 2 7 26 32 33 12 ERFAL
1927 3 4 7 13 24 14 ACFKU
1926 4 8 14 29 41 10 DFÑLF
1925 1 7 19 22 34 3 FLCLJ
1924 9 10 14 41 42 11 ADZAJ
1923 2 25 26 28 35 1 VABGJ
1922 14 20 23 33 38 10 FCJER
1921 1 2 5 21 35 12 ACONI
1920 10 18 23 29 41 7 HEFLL
1919 4 7 11 39 43 6 CD@DD
1918 2 7 16 26 41 2 EIJÑD
1917 8 15 21 27 32 3 GFFER
1916 3 15 26 31 34 3 LKECL
1915 17 24 25 40 42 4 GAÑBQ
1914 8 14 28 36 43 13 FNHGH
1913 7 15 27 32 40 5 HLEHJ
1912 7 15 22 23 42 2 HGARH
1911 15 29 32 40 43 16 NCHCÑ
1910 4 25 31 38 43 12 TFGED
1909 4 11 24 26 27 5 GMBAS
1908 2 3 10 24 28 11 AGNDP
1907 5 16 18 25 30 1 KBGEQ
1906 6 10 14 21 26 15 DDGEV
1905 5 19 20 22 34 11 NABLN
1904 7 9 11 13 38 15 BBBXL
1903 3 20 28 37 39 4 PHIBG
1902 2 4 19 27 34 3 BÑHGK
1901 15 20 25 35 43 9 EEJHÑ
1900 3 4 22 38 43 12 AQOEC
1899 8 26 31 38 39 11 QEGAL
1898 18 31 33 34 42 8 MBAHR
1897 2 5 12 38 40 7 CGYBE
1896 9 10 26 30 36 10 AODFO
1895 2 3 12 29 31 3 AIPBN
1894 1 5 8 20 29 13 DCLIÑ
1893 3 29 30 36 37 3 YAFAI
1892 13 16 17 22 25 1 CAECc
1891 7 17 18 24 28 4 JAFDU
1890 6 20 22 30 34 5 NBHDÑ
1889 4 6 20 27 35 13 BNGHL
1888 3 18 24 34 36 4 ÑFJBJ
1887 13 26 33 35 40 13 MGBEO
1886 14 22 23 31 38 9 HAHGR
1885 13 19 28 39 42 15 FIKCN
1884 11 15 23 26 39 3 DHCMÑ
1883 9 11 31 35 36 10 BSDAO
1882 9 15 24 31 36 3 FIGEO
1881 2 15 30 37 38 13 MÑGAG
1880 12 13 14 31 35 9 AAPDS
1879 1 12 13 19 27 4 KAFHP
1878 2 9 15 30 32 8 GFÑBM
1877 4 18 22 34 41 10 NDLGF
1876 5 7 8 14 28 9 BAFNS
1875 7 13 28 34 40 15 FÑFFJ
1874 3 20 22 33 35 9 PBKBK
1873 2 9 18 31 42 13 GIMKC
1872 3 9 15 29 41 2 FFNLE
1871 6 24 27 32 39 2 QCEGJ
1870 17 26 30 37 40 13 IDGCS
1869 1 14 31 34 42 14 MPCHB
1868 1 8 10 15 40 2 GBEXD
1867 1 8 12 14 30 7 GDBON
1866 7 11 17 18 43 5 DFAXG
1865 10 14 29 35 37 1 DÑFBO
1864 3 20 24 27 28 9 PDCAQ
1863 3 5 7 13 16 13 BBFCb
1862 2 19 25 26 28 12 PFABP
1861 6 13 14 30 34 5 GAODÑ
1860 5 17 27 29 30 3 LJBAQ
1859 11 13 18 21 37 1 BECOP
1858 16 17 31 36 38 4 ANEBT
1857 20 22 23 26 28 10 BACBg
1856 9 10 13 14 37 10 ACAVÑ
1855 5 20 26 34 37 7 ÑFHCK
1854 8 12 29 30 31 1 DPAAS
1853 8 18 19 32 42 15 JAMJI
1852 12 17 27 29 32 8 EJBCV
1851 21 31 33 35 41 9 JBBFV
1850 1 4 8 14 41 3 CDFZC
1849 10 13 21 34 43 11 CHMIJ
1848 1 9 17 33 42 10 HHOIB
1847 2 6 22 28 34 9 DOFFK
1846 3 23 30 32 40 10 SGBHF
1845 1 40 41 42 43 8 kAAAA
1844 2 32 34 41 43 10 bBGBB
1843 1 8 10 12 40 16 GBB@D
1842 7 22 25 32 33 10 ÑCGAP
1841 1 15 24 29 33 13 NIEDK
1840 2 30 32 35 36 12 @BCAI
1839 12 19 20 33 39 12 GAMFO
1838 2 4 32 33 41 9 B@AHD
1837 9 10 15 22 24 11 AEGB@
1836 4 6 18 32 42 1 BLNJE
1835 11 13 14 23 42 14 BAIRL
1834 1 6 17 26 35 6 EKIII
1833 8 10 30 35 40 1 BSEEK
1832 11 14 16 19 33 11 CBCNT
1831 3 10 28 29 33 5 GQADM
1830 5 26 31 39 40 16 TEHAH
1829 8 12 15 27 35 16 DCLHO
1828 6 14 15 28 30 15 HAMBR
1827 3 17 21 28 31 16 NDGCÑ
1826 16 17 23 34 36 8 AFKBV
1825 7 23 33 35 36 8 OJBAN
1824 6 7 16 38 39 12 AIUAJ
1823 14 20 28 36 37 12 FHHAS
1822 23 26 28 37 43 13 CBIFV
1821 9 18 25 38 39 10 IGMAM
1820 5 6 15 27 30 6 AILCQ
1819 2 8 20 22 28 6 FLBFP
1818 9 22 25 30 40 6 MCEJL
1817 6 27 28 36 40 4 TAHDI
1816 2 5 17 20 23 3 CLCCU
1815 4 8 18 20 24 12 DJBDV
1814 12 14 16 25 28 15 BBICZ
1813 5 16 25 39 41 9 KINBG
1812 3 6 9 24 30 2 CCÑFO
1811 4 16 18 22 27 13 LBDES
1810 11 12 17 27 41 13 AEJNM
1809 7 25 31 33 41 8 QFBHI
1808 6 19 30 34 35 9 MKDAN
1807 24 33 35 36 41 5 IBAEY
1806 3 9 29 31 41 5 FSBJE
1805 3 18 23 28 43 15 ÑEEÑC
1804 7 8 17 32 37 4 AIÑEM
1803 2 8 19 23 37 1 FKDNH
1802 13 15 24 29 30 11 BIEAY
1801 5 15 21 22 39 11 JFAPI
1800 16 23 25 26 36 16 GBAJV
1799 1 5 13 22 23 12 DHIAT
1798 3 7 10 13 21 15 DCCHX
1797 4 15 30 38 42 1 KÑHDE
1796 1 13 20 22 32 14 LGBJL
1795 4 32 35 36 37 16 @CAAJ
1794 21 24 31 39 42 14 CGHCU
1793 4 19 30 34 43 8 ÑKDID
1792 7 11 14 30 42 12 DCOLH
1791 1 11 14 15 40 7 JCAXD
1790 2 3 12 19 35 12 AIGOJ
1789 13 28 31 35 43 2 ÑCDHM
1788 2 23 27 28 34 9 TDAFK
1787 4 8 12 19 30 1 DDGKP
1786 7 8 27 38 39 2 ARKAK
1785 4 8 17 23 38 2 DIFÑI
1784 2 23 25 33 36 4 TBHCI
1783 8 21 33 34 42 15 MLAHI
1782 3 4 8 19 24 11 ADKEU
1781 11 16 18 34 36 7 EBOBQ
1780 4 20 27 32 40 16 OGEHG
1779 5 10 16 35 39 8 EFRDI
1778 18 32 35 42 43 3 NCGAQ
1777 1 2 5 14 30 1 ACION
1776 22 27 28 30 34 16 EABDc
1775 24 31 32 34 42 12 GABHX
1774 14 16 32 34 39 7 BOBEQ
1773 19 25 29 36 43 6 FDGGR
1772 10 11 15 23 38 12 ADHÑÑ
1771 10 14 30 37 42 1 DOGEK
1770 4 22 29 32 40 3 QGCHG
1769 10 12 17 20 32 14 BECLT
1768 1 4 36 37 43 14 CdAFA
1767 8 17 20 21 32 7 ICAKR
1766 1 3 6 18 20 16 BCLBW
1765 6 8 12 17 31 2 BDENQ
1764 13 20 26 36 40 14 GFJDO
1763 4 7 17 18 20 9 CJABZ
1762 20 23 26 34 37 12 CCHCY
1761 2 11 19 21 23 8 IHBBU
1760 10 18 21 22 33 13 HCAKS
1759 1 12 20 25 35 4 KHEJI
1758 3 14 26 31 40 6 KLEIF
1757 16 23 28 30 40 12 GEBJR
1756 5 24 29 41 43 6 RELBE
1755 2 19 27 37 40 4 PHJCE
1754 3 5 17 30 37 8 BLMGI
1753 12 16 22 31 32 15 DFIAV
1752 25 29 32 35 41 13 DCCFZ
1751 2 6 14 15 39 4 DHAWF
1750 1 11 21 37 38 6 JJOAF
1749 10 24 36 38 42 4 NLBDK
1748 2 6 8 24 37 3 DBOMH
1747 6 9 29 32 33 3 CSCAO
1746 11 13 17 25 38 6 BDHMO
1745 3 7 10 18 40 9 DCHUF
1744 19 26 27 30 32 15 GACBb
1743 6 18 22 29 40 15 LDGKI
1742 7 21 32 33 34 9 NKAAO
1741 2 6 10 15 24 4 DDEIT
1740 20 28 30 31 41 9 HBAJU
1739 1 4 5 23 26 12 CAQCQ
1738 10 19 20 22 31 3 IABIU
1737 4 29 36 38 39 2 XGBAH
1736 2 3 8 26 40 12 AEQNE
1735 2 14 27 37 41 3 LMJDD
1734 2 8 11 29 32 10 FCQCM
1733 1 10 14 34 42 15 IDSHB
1732 10 11 30 36 43 11 ARFGJ
1731 3 6 7 28 40 7 CATLF
1730 7 16 24 35 43 10 IHKHG
1729 9 13 14 17 34 8 DACPQ
1728 7 8 10 42 43 2 ABdAG
1727 10 19 20 21 24 10 IAACa
1726 8 20 22 37 43 3 LBÑFH
1725 5 22 24 33 43 12 PBIJE
1724 4 12 28 33 43 13 HOEJD
1723 11 12 19 32 33 3 AGMAT
1722 2 12 16 24 40 7 JDHOE
1721 2 21 31 34 42 1 RJCHC
1720 6 9 10 13 22 8 CACIZ
1719 13 16 24 35 36 12 CHKAS
1718 2 4 21 27 42 3 BPFÑC
1717 17 23 24 36 38 1 FALBU
1716 5 18 19 26 31 9 MAGEP
1715 23 24 30 34 41 1 AFDGX
1714 4 11 18 36 41 1 GGQEF
1713 2 15 16 22 28 11 MAFFP
1712 27 39 40 41 42 16 LAAA@
1711 5 20 34 35 43 5 ÑNAHE
1710 1 2 7 28 38 12 AETJF
1709 19 31 32 34 41 12 LABGT
1708 13 17 30 34 43 14 DMDIM
1707 10 12 15 41 43 6 BCYBJ
1706 16 22 24 41 43 9 FBPBO
1705 2 6 14 20 27 1 DHFGQ
1704 4 6 20 29 38 12 BNIII
1703 10 12 27 34 40 10 BÑGFM
1702 3 12 14 23 41 10 IBIQE
1701 2 6 8 12 29 13 DBDPO
1700 4 17 33 34 35 14 MOAAL
1699 11 14 23 30 35 12 CIGER
1698 17 18 31 34 39 14 AMCET
1697 4 29 30 31 42 16 XAAKE
1696 9 10 27 35 42 12 APHGJ
1695 26 29 30 35 36 6 CAEAe
1694 1 11 19 20 37 5 JHAPG
1693 13 15 16 31 37 14 BAÑFR
1692 16 25 31 32 34 5 IFABX
1691 4 17 21 35 40 1 MDNEG
1690 4 7 8 24 41 13 CAOPF
1689 1 3 7 16 32 4 BDIOL
1688 12 21 25 27 34 10 IDBGT
1687 10 19 32 38 40 14 IMFBM
1686 5 13 17 22 40 13 HDEQH
1685 22 25 26 40 43 14 CANCU
1684 3 13 16 20 26 1 JCDFS
1683 8 10 19 22 30 3 BICHT
1682 5 20 21 25 26 3 ÑADAU
1681 17 28 29 37 40 14 KAHCS
1680 11 28 31 33 41 7 PCBHM
1679 4 13 20 31 33 8 IGKBN
1678 1 20 25 27 34 3 REBGJ
1677 14 22 24 25 32 7 HBAGX
1676 3 4 29 40 43 4 AXKCC
1675 3 5 8 20 24 14 BCLDU
1674 5 12 15 20 42 14 GCEUF
1673 8 21 22 37 38 4 MAÑAM
1672 9 12 16 28 38 1 CDLJN
1671 3 9 10 21 40 10 FAKRF
1975 9 22 25 31 40 15 MCFIL
1974 2 14 26 29 40 8 LLCKE
1973 3 17 22 35 36 12 NEMAJ
1972 23 25 26 27 41 9 BAANX
1971 2 10 11 17 22 12 HAFEV
1970 5 12 14 15 40 5 GBAXH
1969 2 7 15 16 22 4 EHAFV
1968 1 11 23 30 32 14 JLGBL
1967 5 11 22 27 35 15 FKEHM
1966 1 5 15 18 39 7 DJCTE
1965 3 27 35 39 42 15 WHDCD
1964 6 11 28 34 39 11 EPFEJ
1963 3 6 7 21 34 5 CANML
1962 4 8 22 25 28 14 DNCCR
1961 2 10 13 16 26 11 HCCJR
1960 6 19 31 33 39 5 MLBFJ
1959 9 16 26 29 31 16 GJCBT
1958 4 26 32 36 42 4 UFDFE
1957 8 17 18 37 42 11 IAREI
1956 4 13 18 29 37 13 IEKHJ
1955 10 20 23 28 39 8 JCEKN
1954 4 15 17 19 25 1 KBBFU
1953 4 8 16 31 37 7 DHÑFJ
1952 8 18 19 22 38 11 JACOM
1951 1 9 20 33 41 9 HKMHC
1950 9 19 20 35 39 12 JAÑDM
1949 13 21 22 24 32 16 HABHW
1948 6 7 15 38 40 16 AHVBI
1947 1 8 9 22 23 7 GAMAT
1946 8 15 26 32 37 3 GKFEN
1945 2 10 36 37 40 15 HYACE
1944 2 4 18 28 33 11 BNJEL
1943 8 22 24 25 40 12 NBAÑK
1942 8 18 22 23 28 11 JDAEV
1941 2 5 13 27 41 7 CHNND
1940 1 10 15 20 28 15 IEEHO
1939 6 21 23 31 32 15 ÑBHAP
1938 8 14 20 23 28 7 FFCEV
1937 4 8 10 26 32 3 DBOFÑ
1936 11 18 30 40 42 10 GLJBL
1935 11 19 20 27 28 4 HAGAY
1934 7 18 21 23 28 13 KCBEU
1933 1 19 31 36 41 15 QLEEC
1932 1 12 23 29 38 9 KKFIF
1931 4 9 10 17 25 6 EAGHU
1930 3 20 24 37 38 11 PDMAH
1929 7 9 10 22 39 8 BALPK
1928 2 7 26 32 33 12 ERFAL
1927 3 4 7 13 24 14 ACFKU
1926 4 8 14 29 41 10 DFÑLF
1925 1 7 19 22 34 3 FLCLJ
1924 9 10 14 41 42 11 ADZAJ
1923 2 25 26 28 35 1 VABGJ
1922 14 20 23 33 38 10 FCJER
1921 1 2 5 21 35 12 ACONI
1920 10 18 23 29 41 7 HEFLL
1919 4 7 11 39 43 6 CD@DD
1918 2 7 16 26 41 2 EIJÑD
1917 8 15 21 27 32 3 GFFER
1916 3 15 26 31 34 3 LKECL
1915 17 24 25 40 42 4 GAÑBQ
1914 8 14 28 36 43 13 FNHGH
1913 7 15 27 32 40 5 HLEHJ
1912 7 15 22 23 42 2 HGARH
1911 15 29 32 40 43 16 NCHCÑ
1910 4 25 31 38 43 12 TFGED
1909 4 11 24 26 27 5 GMBAS
1908 2 3 10 24 28 11 AGNDP
1907 5 16 18 25 30 1 KBGEQ
1906 6 10 14 21 26 15 DDGEV
1905 5 19 20 22 34 11 NABLN
1904 7 9 11 13 38 15 BBBXL
1903 3 20 28 37 39 4 PHIBG
1902 2 4 19 27 34 3 BÑHGK
1901 15 20 25 35 43 9 EEJHÑ
1900 3 4 22 38 43 12 AQOEC
1899 8 26 31 38 39 11 QEGAL
1898 18 31 33 34 42 8 MBAHR
1897 2 5 12 38 40 7 CGYBE
1896 9 10 26 30 36 10 AODFO
1895 2 3 12 29 31 3 AIPBN
1894 1 5 8 20 29 13 DCLIÑ
1893 3 29 30 36 37 3 YAFAI
1892 13 16 17 22 25 1 CAECc
1891 7 17 18 24 28 4 JAFDU
1890 6 20 22 30 34 5 NBHDÑ
1889 4 6 20 27 35 13 BNGHL
1888 3 18 24 34 36 4 ÑFJBJ
1887 13 26 33 35 40 13 MGBEO
1886 14 22 23 31 38 9 HAHGR
1885 13 19 28 39 42 15 FIKCN
1884 11 15 23 26 39 3 DHCMÑ
1883 9 11 31 35 36 10 BSDAO
1882 9 15 24 31 36 3 FIGEO
1881 2 15 30 37 38 13 MÑGAG
1880 12 13 14 31 35 9 AAPDS
1879 1 12 13 19 27 4 KAFHP
1878 2 9 15 30 32 8 GFÑBM
1877 4 18 22 34 41 10 NDLGF
1876 5 7 8 14 28 9 BAFNS
1875 7 13 28 34 40 15 FÑFFJ
1874 3 20 22 33 35 9 PBKBK
1873 2 9 18 31 42 13 GIMKC
1872 3 9 15 29 41 2 FFNLE
1871 6 24 27 32 39 2 QCEGJ
1870 17 26 30 37 40 13 IDGCS
1869 1 14 31 34 42 14 MPCHB
1868 1 8 10 15 40 2 GBEXD
1867 1 8 12 14 30 7 GDBON
1866 7 11 17 18 43 5 DFAXG
1865 10 14 29 35 37 1 DÑFBO
1864 3 20 24 27 28 9 PDCAQ
1863 3 5 7 13 16 13 BBFCb
1862 2 19 25 26 28 12 PFABP
1861 6 13 14 30 34 5 GAODÑ
1860 5 17 27 29 30 3 LJBAQ
1859 11 13 18 21 37 1 BECOP
1858 16 17 31 36 38 4 ANEBT
1857 20 22 23 26 28 10 BACBg
1856 9 10 13 14 37 10 ACAVÑ
1855 5 20 26 34 37 7 ÑFHCK
1854 8 12 29 30 31 1 DPAAS
1853 8 18 19 32 42 15 JAMJI
1852 12 17 27 29 32 8 EJBCV
1851 21 31 33 35 41 9 JBBFV
1850 1 4 8 14 41 3 CDFZC
1849 10 13 21 34 43 11 CHMIJ
1848 1 9 17 33 42 10 HHOIB
1847 2 6 22 28 34 9 DOFFK
1846 3 23 30 32 40 10 SGBHF
1845 1 40 41 42 43 8 kAAAA
1844 2 32 34 41 43 10 bBGBB
1843 1 8 10 12 40 16 GBB@D
1842 7 22 25 32 33 10 ÑCGAP
1841 1 15 24 29 33 13 NIEDK
1840 2 30 32 35 36 12 @BCAI
1839 12 19 20 33 39 12 GAMFO
1838 2 4 32 33 41 9 B@AHD
1837 9 10 15 22 24 11 AEGB@
1836 4 6 18 32 42 1 BLNJE
1835 11 13 14 23 42 14 BAIRL
1834 1 6 17 26 35 6 EKIII
1833 8 10 30 35 40 1 BSEEK
1832 11 14 16 19 33 11 CBCNT
1831 3 10 28 29 33 5 GQADM
1830 5 26 31 39 40 16 TEHAH
1829 8 12 15 27 35 16 DCLHO
1828 6 14 15 28 30 15 HAMBR
1827 3 17 21 28 31 16 NDGCÑ
1826 16 17 23 34 36 8 AFKBV
1825 7 23 33 35 36 8 OJBAN
1824 6 7 16 38 39 12 AIUAJ
1823 14 20 28 36 37 12 FHHAS
1822 23 26 28 37 43 13 CBIFV
1821 9 18 25 38 39 10 IGMAM
1820 5 6 15 27 30 6 AILCQ
1819 2 8 20 22 28 6 FLBFP
1818 9 22 25 30 40 6 MCEJL
1817 6 27 28 36 40 4 TAHDI
1816 2 5 17 20 23 3 CLCCU
1815 4 8 18 20 24 12 DJBDV
1814 12 14 16 25 28 15 BBICZ
1813 5 16 25 39 41 9 KINBG
1812 3 6 9 24 30 2 CCÑFO
1811 4 16 18 22 27 13 LBDES
1810 11 12 17 27 41 13 AEJNM
1809 7 25 31 33 41 8 QFBHI
1808 6 19 30 34 35 9 MKDAN
1807 24 33 35 36 41 5 IBAEY
1806 3 9 29 31 41 5 FSBJE
1805 3 18 23 28 43 15 ÑEEÑC
1804 7 8 17 32 37 4 AIÑEM
1803 2 8 19 23 37 1 FKDNH
1802 13 15 24 29 30 11 BIEAY
1801 5 15 21 22 39 11 JFAPI
1800 16 23 25 26 36 16 GBAJV
1799 1 5 13 22 23 12 DHIAT
1798 3 7 10 13 21 15 DCCHX
1797 4 15 30 38 42 1 KÑHDE
1796 1 13 20 22 32 14 LGBJL
1795 4 32 35 36 37 16 @CAAJ
1794 21 24 31 39 42 14 CGHCU
1793 4 19 30 34 43 8 ÑKDID
1792 7 11 14 30 42 12 DCOLH
1791 1 11 14 15 40 7 JCAXD
1790 2 3 12 19 35 12 AIGOJ
1789 13 28 31 35 43 2 ÑCDHM
1788 2 23 27 28 34 9 TDAFK
1787 4 8 12 19 30 1 DDGKP
1786 7 8 27 38 39 2 ARKAK
1785 4 8 17 23 38 2 DIFÑI
1784 2 23 25 33 36 4 TBHCI
1783 8 21 33 34 42 15 MLAHI
1782 3 4 8 19 24 11 ADKEU
1781 11 16 18 34 36 7 EBOBQ
1780 4 20 27 32 40 16 OGEHG
1779 5 10 16 35 39 8 EFRDI
1778 18 32 35 42 43 3 NCGAQ
1777 1 2 5 14 30 1 ACION
1776 22 27 28 30 34 16 EABDc
1775 24 31 32 34 42 12 GABHX
1774 14 16 32 34 39 7 BOBEQ
1773 19 25 29 36 43 6 FDGGR
1772 10 11 15 23 38 12 ADHÑÑ
1771 10 14 30 37 42 1 DOGEK
1770 4 22 29 32 40 3 QGCHG
1769 10 12 17 20 32 14 BECLT
1768 1 4 36 37 43 14 CdAFA
1767 8 17 20 21 32 7 ICAKR
1766 1 3 6 18 20 16 BCLBW
1765 6 8 12 17 31 2 BDENQ
1764 13 20 26 36 40 14 GFJDO
1763 4 7 17 18 20 9 CJABZ
1762 20 23 26 34 37 12 CCHCY
1761 2 11 19 21 23 8 IHBBU
1760 10 18 21 22 33 13 HCAKS
1759 1 12 20 25 35 4 KHEJI
1758 3 14 26 31 40 6 KLEIF
1757 16 23 28 30 40 12 GEBJR
1756 5 24 29 41 43 6 RELBE
1755 2 19 27 37 40 4 PHJCE
1754 3 5 17 30 37 8 BLMGI
1753 12 16 22 31 32 15 DFIAV
1752 25 29 32 35 41 13 DCCFZ
1751 2 6 14 15 39 4 DHAWF
1750 1 11 21 37 38 6 JJOAF
1749 10 24 36 38 42 4 NLBDK
1748 2 6 8 24 37 3 DBOMH
1747 6 9 29 32 33 3 CSCAO
1746 11 13 17 25 38 6 BDHMO
1745 3 7 10 18 40 9 DCHUF
1744 19 26 27 30 32 15 GACBb
1743 6 18 22 29 40 15 LDGKI
1742 7 21 32 33 34 9 NKAAO
1741 2 6 10 15 24 4 DDEIT
1740 20 28 30 31 41 9 HBAJU
1739 1 4 5 23 26 12 CAQCQ
1738 10 19 20 22 31 3 IABIU
1737 4 29 36 38 39 2 XGBAH
1736 2 3 8 26 40 12 AEQNE
1735 2 14 27 37 41 3 LMJDD
1734 2 8 11 29 32 10 FCQCM
1733 1 10 14 34 42 15 IDSHB
1732 10 11 30 36 43 11 ARFGJ
1731 3 6 7 28 40 7 CATLF
1730 7 16 24 35 43 10 IHKHG
1729 9 13 14 17 34 8 DACPQ
1728 7 8 10 42 43 2 ABdAG
1727 10 19 20 21 24 10 IAACa
1726 8 20 22 37 43 3 LBÑFH
1725 5 22 24 33 43 12 PBIJE
1724 4 12 28 33 43 13 HOEJD
1723 11 12 19 32 33 3 AGMAT
1722 2 12 16 24 40 7 JDHOE
1721 2 21 31 34 42 1 RJCHC
1720 6 9 10 13 22 8 CACIZ
1719 13 16 24 35 36 12 CHKAS
1718 2 4 21 27 42 3 BPFÑC
1717 17 23 24 36 38 1 FALBU
1716 5 18 19 26 31 9 MAGEP
1715 23 24 30 34 41 1 AFDGX
1714 4 11 18 36 41 1 GGQEF
1713 2 15 16 22 28 11 MAFFP
1712 27 39 40 41 42 16 LAAA@
1711 5 20 34 35 43 5 ÑNAHE
1710 1 2 7 28 38 12 AETJF
1709 19 31 32 34 41 12 LABGT
1708 13 17 30 34 43 14 DMDIM
1707 10 12 15 41 43 6 BCYBJ
1706 16 22 24 41 43 9 FBPBO
1705 2 6 14 20 27 1 DHFGQ
1704 4 6 20 29 38 12 BNIII
1703 10 12 27 34 40 10 BÑGFM
1702 3 12 14 23 41 10 IBIQE
1701 2 6 8 12 29 13 DBDPO
1700 4 17 33 34 35 14 MOAAL
1699 11 14 23 30 35 12 CIGER
1698 17 18 31 34 39 14 AMCET
1697 4 29 30 31 42 16 XAAKE
1696 9 10 27 35 42 12 APHGJ
1695 26 29 30 35 36 6 CAEAe
1694 1 11 19 20 37 5 JHAPG
1693 13 15 16 31 37 14 BAÑFR
1692 16 25 31 32 34 5 IFABX
1691 4 17 21 35 40 1 MDNEG
1690 4 7 8 24 41 13 CAOPF
1689 1 3 7 16 32 4 BDIOL
1688 12 21 25 27 34 10 IDBGT
1687 10 19 32 38 40 14 IMFBM
1686 5 13 17 22 40 13 HDEQH
1685 22 25 26 40 43 14 CANCU
1684 3 13 16 20 26 1 JCDFS
1683 8 10 19 22 30 3 BICHT
1682 5 20 21 25 26 3 ÑADAU
1681 17 28 29 37 40 14 KAHCS
1680 11 28 31 33 41 7 PCBHM
1679 4 13 20 31 33 8 IGKBN
1678 1 20 25 27 34 3 REBGJ
1677 14 22 24 25 32 7 HBAGX
1676 3 4 29 40 43 4 AXKCC
1675 3 5 8 20 24 14 BCLDU
1674 5 12 15 20 42 14 GCEUF
1673 8 21 22 37 38 4 MAÑAM
1672 9 12 16 28 38 1 CDLJN
1671 3 9 10 21 40 10 FAKRF
1975,9,22,25,31,40,15,MCFIL
1974,2,14,26,29,40,8,LLCKE
1973,3,17,22,35,36,12,NEMAJ
1972,23,25,26,27,41,9,BAANX
1971,2,10,11,17,22,12,HAFEV
1970,5,12,14,15,40,5,GBAXH
1969,2,7,15,16,22,4,EHAFV
1968,1,11,23,30,32,14,JLGBL
1967,5,11,22,27,35,15,FKEHM
1966,1,5,15,18,39,7,DJCTE
1965,3,27,35,39,42,15,WHDCD
1964,6,11,28,34,39,11,EPFEJ
1963,3,6,7,21,34,5,CANML
1962,4,8,22,25,28,14,DNCCR
1961,2,10,13,16,26,11,HCCJR
1960,6,19,31,33,39,5,MLBFJ
1959,9,16,26,29,31,16,GJCBT
1958,4,26,32,36,42,4,UFDFE
1957,8,17,18,37,42,11,IAREI
1956,4,13,18,29,37,13,IEKHJ
1955,10,20,23,28,39,8,JCEKN
1954,4,15,17,19,25,1,KBBFU
1953,4,8,16,31,37,7,DHÑFJ
1952,8,18,19,22,38,11,JACOM
1951,1,9,20,33,41,9,HKMHC
1950,9,19,20,35,39,12,JAÑDM
1949,13,21,22,24,32,16,HABHW
1948,6,7,15,38,40,16,AHVBI
1947,1,8,9,22,23,7,GAMAT
1946,8,15,26,32,37,3,GKFEN
1945,2,10,36,37,40,15,HYACE
1944,2,4,18,28,33,11,BNJEL
1943,8,22,24,25,40,12,NBAÑK
1942,8,18,22,23,28,11,JDAEV
1941,2,5,13,27,41,7,CHNND
1940,1,10,15,20,28,15,IEEHO
1939,6,21,23,31,32,15,ÑBHAP
1938,8,14,20,23,28,7,FFCEV
1937,4,8,10,26,32,3,DBOFÑ
1936,11,18,30,40,42,10,GLJBL
1935,11,19,20,27,28,4,HAGAY
1934,7,18,21,23,28,13,KCBEU
1933,1,19,31,36,41,15,QLEEC
1932,1,12,23,29,38,9,KKFIF
1931,4,9,10,17,25,6,EAGHU
1930,3,20,24,37,38,11,PDMAH
1929,7,9,10,22,39,8,BALPK
1928,2,7,26,32,33,12,ERFAL
1927,3,4,7,13,24,14,ACFKU
1926,4,8,14,29,41,10,DFÑLF
1925,1,7,19,22,34,3,FLCLJ
1924,9,10,14,41,42,11,ADZAJ
1923,2,25,26,28,35,1,VABGJ
1922,14,20,23,33,38,10,FCJER
1921,1,2,5,21,35,12,ACONI
1920,10,18,23,29,41,7,HEFLL
1919,4,7,11,39,43,6,CD@DD
1918,2,7,16,26,41,2,EIJÑD
1917,8,15,21,27,32,3,GFFER
1916,3,15,26,31,34,3,LKECL
1915,17,24,25,40,42,4,GAÑBQ
1914,8,14,28,36,43,13,FNHGH
1913,7,15,27,32,40,5,HLEHJ
1912,7,15,22,23,42,2,HGARH
1911,15,29,32,40,43,16,NCHCÑ
1910,4,25,31,38,43,12,TFGED
1909,4,11,24,26,27,5,GMBAS
1908,2,3,10,24,28,11,AGNDP
1907,5,16,18,25,30,1,KBGEQ
1906,6,10,14,21,26,15,DDGEV
1905,5,19,20,22,34,11,NABLN
1904,7,9,11,13,38,15,BBBXL
1903,3,20,28,37,39,4,PHIBG
1902,2,4,19,27,34,3,BÑHGK
1901,15,20,25,35,43,9,EEJHÑ
1900,3,4,22,38,43,12,AQOEC
1899,8,26,31,38,39,11,QEGAL
1898,18,31,33,34,42,8,MBAHR
1897,2,5,12,38,40,7,CGYBE
1896,9,10,26,30,36,10,AODFO
1895,2,3,12,29,31,3,AIPBN
1894,1,5,8,20,29,13,DCLIÑ
1893,3,29,30,36,37,3,YAFAI
1892,13,16,17,22,25,1,CAECc
1891,7,17,18,24,28,4,JAFDU
1890,6,20,22,30,34,5,NBHDÑ
1889,4,6,20,27,35,13,BNGHL
1888,3,18,24,34,36,4,ÑFJBJ
1887,13,26,33,35,40,13,MGBEO
1886,14,22,23,31,38,9,HAHGR
1885,13,19,28,39,42,15,FIKCN
1884,11,15,23,26,39,3,DHCMÑ
1883,9,11,31,35,36,10,BSDAO
1882,9,15,24,31,36,3,FIGEO
1881,2,15,30,37,38,13,MÑGAG
1880,12,13,14,31,35,9,AAPDS
1879,1,12,13,19,27,4,KAFHP
1878,2,9,15,30,32,8,GFÑBM
1877,4,18,22,34,41,10,NDLGF
1876,5,7,8,14,28,9,BAFNS
1875,7,13,28,34,40,15,FÑFFJ
1874,3,20,22,33,35,9,PBKBK
1873,2,9,18,31,42,13,GIMKC
1872,3,9,15,29,41,2,FFNLE
1871,6,24,27,32,39,2,QCEGJ
1870,17,26,30,37,40,13,IDGCS
1869,1,14,31,34,42,14,MPCHB
1868,1,8,10,15,40,2,GBEXD
1867,1,8,12,14,30,7,GDBON
1866,7,11,17,18,43,5,DFAXG
1865,10,14,29,35,37,1,DÑFBO
1864,3,20,24,27,28,9,PDCAQ
1863,3,5,7,13,16,13,BBFCb
1862,2,19,25,26,28,12,PFABP
1861,6,13,14,30,34,5,GAODÑ
1860,5,17,27,29,30,3,LJBAQ
1859,11,13,18,21,37,1,BECOP
1858,16,17,31,36,38,4,ANEBT
1857,20,22,23,26,28,10,BACBg
1856,9,10,13,14,37,10,ACAVÑ
1855,5,20,26,34,37,7,ÑFHCK
1854,8,12,29,30,31,1,DPAAS
1853,8,18,19,32,42,15,JAMJI
1852,12,17,27,29,32,8,EJBCV
1851,21,31,33,35,41,9,JBBFV
1850,1,4,8,14,41,3,CDFZC
1849,10,13,21,34,43,11,CHMIJ
1848,1,9,17,33,42,10,HHOIB
1847,2,6,22,28,34,9,DOFFK
1846,3,23,30,32,40,10,SGBHF
1845,1,40,41,42,43,8,kAAAA
1844,2,32,34,41,43,10,bBGBB
1843,1,8,10,12,40,16,GBB@D
1842,7,22,25,32,33,10,ÑCGAP
1841,1,15,24,29,33,13,NIEDK
1840,2,30,32,35,36,12,@BCAI
1839,12,19,20,33,39,12,GAMFO
1838,2,4,32,33,41,9,B@AHD
1837,9,10,15,22,24,11,AEGB@
1836,4,6,18,32,42,1,BLNJE
1835,11,13,14,23,42,14,BAIRL
1834,1,6,17,26,35,6,EKIII
1833,8,10,30,35,40,1,BSEEK
1832,11,14,16,19,33,11,CBCNT
1831,3,10,28,29,33,5,GQADM
1830,5,26,31,39,40,16,TEHAH
1829,8,12,15,27,35,16,DCLHO
1828,6,14,15,28,30,15,HAMBR
1827,3,17,21,28,31,16,NDGCÑ
1826,16,17,23,34,36,8,AFKBV
1825,7,23,33,35,36,8,OJBAN
1824,6,7,16,38,39,12,AIUAJ
1823,14,20,28,36,37,12,FHHAS
1822,23,26,28,37,43,13,CBIFV
1821,9,18,25,38,39,10,IGMAM
1820,5,6,15,27,30,6,AILCQ
1819,2,8,20,22,28,6,FLBFP
1818,9,22,25,30,40,6,MCEJL
1817,6,27,28,36,40,4,TAHDI
1816,2,5,17,20,23,3,CLCCU
1815,4,8,18,20,24,12,DJBDV
1814,12,14,16,25,28,15,BBICZ
1813,5,16,25,39,41,9,KINBG
1812,3,6,9,24,30,2,CCÑFO
1811,4,16,18,22,27,13,LBDES
1810,11,12,17,27,41,13,AEJNM
1809,7,25,31,33,41,8,QFBHI
1808,6,19,30,34,35,9,MKDAN
1807,24,33,35,36,41,5,IBAEY
1806,3,9,29,31,41,5,FSBJE
1805,3,18,23,28,43,15,ÑEEÑC
1804,7,8,17,32,37,4,AIÑEM
1803,2,8,19,23,37,1,FKDNH
1802,13,15,24,29,30,11,BIEAY
1801,5,15,21,22,39,11,JFAPI
1800,16,23,25,26,36,16,GBAJV
1799,1,5,13,22,23,12,DHIAT
1798,3,7,10,13,21,15,DCCHX
1797,4,15,30,38,42,1,KÑHDE
1796,1,13,20,22,32,14,LGBJL
1795,4,32,35,36,37,16,@CAAJ
1794,21,24,31,39,42,14,CGHCU
1793,4,19,30,34,43,8,ÑKDID
1792,7,11,14,30,42,12,DCOLH
1791,1,11,14,15,40,7,JCAXD
1790,2,3,12,19,35,12,AIGOJ
1789,13,28,31,35,43,2,ÑCDHM
1788,2,23,27,28,34,9,TDAFK
1787,4,8,12,19,30,1,DDGKP
1786,7,8,27,38,39,2,ARKAK
1785,4,8,17,23,38,2,DIFÑI
1784,2,23,25,33,36,4,TBHCI
1783,8,21,33,34,42,15,MLAHI
1782,3,4,8,19,24,11,ADKEU
1781,11,16,18,34,36,7,EBOBQ
1780,4,20,27,32,40,16,OGEHG
1779,5,10,16,35,39,8,EFRDI
1778,18,32,35,42,43,3,NCGAQ
1777,1,2,5,14,30,1,ACION
1776,22,27,28,30,34,16,EABDc
1775,24,31,32,34,42,12,GABHX
1774,14,16,32,34,39,7,BOBEQ
1773,19,25,29,36,43,6,FDGGR
1772,10,11,15,23,38,12,ADHÑÑ
1771,10,14,30,37,42,1,DOGEK
1770,4,22,29,32,40,3,QGCHG
1769,10,12,17,20,32,14,BECLT
1768,1,4,36,37,43,14,CdAFA
1767,8,17,20,21,32,7,ICAKR
1766,1,3,6,18,20,16,BCLBW
1765,6,8,12,17,31,2,BDENQ
1764,13,20,26,36,40,14,GFJDO
1763,4,7,17,18,20,9,CJABZ
1762,20,23,26,34,37,12,CCHCY
1761,2,11,19,21,23,8,IHBBU
1760,10,18,21,22,33,13,HCAKS
1759,1,12,20,25,35,4,KHEJI
1758,3,14,26,31,40,6,KLEIF
1757,16,23,28,30,40,12,GEBJR
1756,5,24,29,41,43,6,RELBE
1755,2,19,27,37,40,4,PHJCE
1754,3,5,17,30,37,8,BLMGI
1753,12,16,22,31,32,15,DFIAV
1752,25,29,32,35,41,13,DCCFZ
1751,2,6,14,15,39,4,DHAWF
1750,1,11,21,37,38,6,JJOAF
1749,10,24,36,38,42,4,NLBDK
1748,2,6,8,24,37,3,DBOMH
1747,6,9,29,32,33,3,CSCAO
1746,11,13,17,25,38,6,BDHMO
1745,3,7,10,18,40,9,DCHUF
1744,19,26,27,30,32,15,GACBb
1743,6,18,22,29,40,15,LDGKI
1742,7,21,32,33,34,9,NKAAO
1741,2,6,10,15,24,4,DDEIT
1740,20,28,30,31,41,9,HBAJU
1739,1,4,5,23,26,12,CAQCQ
1738,10,19,20,22,31,3,IABIU
1737,4,29,36,38,39,2,XGBAH
1736,2,3,8,26,40,12,AEQNE
1735,2,14,27,37,41,3,LMJDD
1734,2,8,11,29,32,10,FCQCM
1733,1,10,14,34,42,15,IDSHB
1732,10,11,30,36,43,11,ARFGJ
1731,3,6,7,28,40,7,CATLF
1730,7,16,24,35,43,10,IHKHG
1729,9,13,14,17,34,8,DACPQ
1728,7,8,10,42,43,2,ABdAG
1727,10,19,20,21,24,10,IAACa
1726,8,20,22,37,43,3,LBÑFH
1725,5,22,24,33,43,12,PBIJE
1724,4,12,28,33,43,13,HOEJD
1723,11,12,19,32,33,3,AGMAT
1722,2,12,16,24,40,7,JDHOE
1721,2,21,31,34,42,1,RJCHC
1720,6,9,10,13,22,8,CACIZ
1719,13,16,24,35,36,12,CHKAS
1718,2,4,21,27,42,3,BPFÑC
1717,17,23,24,36,38,1,FALBU
1716,5,18,19,26,31,9,MAGEP
1715,23,24,30,34,41,1,AFDGX
1714,4,11,18,36,41,1,GGQEF
1713,2,15,16,22,28,11,MAFFP
1712,27,39,40,41,42,16,LAAA@
1711,5,20,34,35,43,5,ÑNAHE
1710,1,2,7,28,38,12,AETJF
1709,19,31,32,34,41,12,LABGT
1708,13,17,30,34,43,14,DMDIM
1707,10,12,15,41,43,6,BCYBJ
1706,16,22,24,41,43,9,FBPBO
1705,2,6,14,20,27,1,DHFGQ
1704,4,6,20,29,38,12,BNIII
1703,10,12,27,34,40,10,BÑGFM
1702,3,12,14,23,41,10,IBIQE
1701,2,6,8,12,29,13,DBDPO
1700,4,17,33,34,35,14,MOAAL
1699,11,14,23,30,35,12,CIGER
1698,17,18,31,34,39,14,AMCET
1697,4,29,30,31,42,16,XAAKE
1696,9,10,27,35,42,12,APHGJ
1695,26,29,30,35,36,6,CAEAe
1694,1,11,19,20,37,5,JHAPG
1693,13,15,16,31,37,14,BAÑFR
1692,16,25,31,32,34,5,IFABX
1691,4,17,21,35,40,1,MDNEG
1690,4,7,8,24,41,13,CAOPF
1689,1,3,7,16,32,4,BDIOL
1688,12,21,25,27,34,10,IDBGT
1687,10,19,32,38,40,14,IMFBM
1686,5,13,17,22,40,13,HDEQH
1685,22,25,26,40,43,14,CANCU
1684,3,13,16,20,26,1,JCDFS
1683,8,10,19,22,30,3,BICHT
1682,5,20,21,25,26,3,ÑADAU
1681,17,28,29,37,40,14,KAHCS
1680,11,28,31,33,41,7,PCBHM
1679,4,13,20,31,33,8,IGKBN
1678,1,20,25,27,34,3,REBGJ
1677,14,22,24,25,32,7,HBAGX
1676,3,4,29,40,43,4,AXKCC
1675,3,5,8,20,24,14,BCLDU
1674,5,12,15,20,42,14,GCEUF
1673,8,21,22,37,38,4,MAÑAM
1672,9,12,16,28,38,1,CDLJN
1671,3,9,10,21,40,10,FAKRF
1975,9,22,25,31,40,15,MCFIL
1974,2,14,26,29,40,8,LLCKE
1973,3,17,22,35,36,12,NEMAJ
1972,23,25,26,27,41,9,BAANX
1971,2,10,11,17,22,12,HAFEV
1970,5,12,14,15,40,5,GBAXH
1969,2,7,15,16,22,4,EHAFV
1968,1,11,23,30,32,14,JLGBL
1967,5,11,22,27,35,15,FKEHM
1966,1,5,15,18,39,7,DJCTE
1965,3,27,35,39,42,15,WHDCD
1964,6,11,28,34,39,11,EPFEJ
1963,3,6,7,21,34,5,CANML
1962,4,8,22,25,28,14,DNCCR
1961,2,10,13,16,26,11,HCCJR
1960,6,19,31,33,39,5,MLBFJ
1959,9,16,26,29,31,16,GJCBT
1958,4,26,32,36,42,4,UFDFE
1957,8,17,18,37,42,11,IAREI
1956,4,13,18,29,37,13,IEKHJ
1955,10,20,23,28,39,8,JCEKN
1954,4,15,17,19,25,1,KBBFU
1953,4,8,16,31,37,7,DHÑFJ
1952,8,18,19,22,38,11,JACOM
1951,1,9,20,33,41,9,HKMHC
1950,9,19,20,35,39,12,JAÑDM
1949,13,21,22,24,32,16,HABHW
1948,6,7,15,38,40,16,AHVBI
1947,1,8,9,22,23,7,GAMAT
1946,8,15,26,32,37,3,GKFEN
1945,2,10,36,37,40,15,HYACE
1944,2,4,18,28,33,11,BNJEL
1943,8,22,24,25,40,12,NBAÑK
1942,8,18,22,23,28,11,JDAEV
1941,2,5,13,27,41,7,CHNND
1940,1,10,15,20,28,15,IEEHO
1939,6,21,23,31,32,15,ÑBHAP
1938,8,14,20,23,28,7,FFCEV
1937,4,8,10,26,32,3,DBOFÑ
1936,11,18,30,40,42,10,GLJBL
1935,11,19,20,27,28,4,HAGAY
1934,7,18,21,23,28,13,KCBEU
1933,1,19,31,36,41,15,QLEEC
1932,1,12,23,29,38,9,KKFIF
1931,4,9,10,17,25,6,EAGHU
1930,3,20,24,37,38,11,PDMAH
1929,7,9,10,22,39,8,BALPK
1928,2,7,26,32,33,12,ERFAL
1927,3,4,7,13,24,14,ACFKU
1926,4,8,14,29,41,10,DFÑLF
1925,1,7,19,22,34,3,FLCLJ
1924,9,10,14,41,42,11,ADZAJ
1923,2,25,26,28,35,1,VABGJ
1922,14,20,23,33,38,10,FCJER
1921,1,2,5,21,35,12,ACONI
1920,10,18,23,29,41,7,HEFLL
1919,4,7,11,39,43,6,CD@DD
1918,2,7,16,26,41,2,EIJÑD
1917,8,15,21,27,32,3,GFFER
1916,3,15,26,31,34,3,LKECL
1915,17,24,25,40,42,4,GAÑBQ
1914,8,14,28,36,43,13,FNHGH
1913,7,15,27,32,40,5,HLEHJ
1912,7,15,22,23,42,2,HGARH
1911,15,29,32,40,43,16,NCHCÑ
1910,4,25,31,38,43,12,TFGED
1909,4,11,24,26,27,5,GMBAS
1908,2,3,10,24,28,11,AGNDP
1907,5,16,18,25,30,1,KBGEQ
1906,6,10,14,21,26,15,DDGEV
1905,5,19,20,22,34,11,NABLN
1904,7,9,11,13,38,15,BBBXL
1903,3,20,28,37,39,4,PHIBG
1902,2,4,19,27,34,3,BÑHGK
1901,15,20,25,35,43,9,EEJHÑ
1900,3,4,22,38,43,12,AQOEC
1899,8,26,31,38,39,11,QEGAL
1898,18,31,33,34,42,8,MBAHR
1897,2,5,12,38,40,7,CGYBE
1896,9,10,26,30,36,10,AODFO
1895,2,3,12,29,31,3,AIPBN
1894,1,5,8,20,29,13,DCLIÑ
1893,3,29,30,36,37,3,YAFAI
1892,13,16,17,22,25,1,CAECc
1891,7,17,18,24,28,4,JAFDU
1890,6,20,22,30,34,5,NBHDÑ
1889,4,6,20,27,35,13,BNGHL
1888,3,18,24,34,36,4,ÑFJBJ
1887,13,26,33,35,40,13,MGBEO
1886,14,22,23,31,38,9,HAHGR
1885,13,19,28,39,42,15,FIKCN
1884,11,15,23,26,39,3,DHCMÑ
1883,9,11,31,35,36,10,BSDAO
1882,9,15,24,31,36,3,FIGEO
1881,2,15,30,37,38,13,MÑGAG
1880,12,13,14,31,35,9,AAPDS
1879,1,12,13,19,27,4,KAFHP
1878,2,9,15,30,32,8,GFÑBM
1877,4,18,22,34,41,10,NDLGF
1876,5,7,8,14,28,9,BAFNS
1875,7,13,28,34,40,15,FÑFFJ
1874,3,20,22,33,35,9,PBKBK
1873,2,9,18,31,42,13,GIMKC
1872,3,9,15,29,41,2,FFNLE
1871,6,24,27,32,39,2,QCEGJ
1870,17,26,30,37,40,13,IDGCS
1869,1,14,31,34,42,14,MPCHB
1868,1,8,10,15,40,2,GBEXD
1867,1,8,12,14,30,7,GDBON
1866,7,11,17,18,43,5,DFAXG
1865,10,14,29,35,37,1,DÑFBO
1864,3,20,24,27,28,9,PDCAQ
1863,3,5,7,13,16,13,BBFCb
1862,2,19,25,26,28,12,PFABP
1861,6,13,14,30,34,5,GAODÑ
1860,5,17,27,29,30,3,LJBAQ
1859,11,13,18,21,37,1,BECOP
1858,16,17,31,36,38,4,ANEBT
1857,20,22,23,26,28,10,BACBg
1856,9,10,13,14,37,10,ACAVÑ
1855,5,20,26,34,37,7,ÑFHCK
1854,8,12,29,30,31,1,DPAAS
1853,8,18,19,32,42,15,JAMJI
1852,12,17,27,29,32,8,EJBCV
1851,21,31,33,35,41,9,JBBFV
1850,1,4,8,14,41,3,CDFZC
1849,10,13,21,34,43,11,CHMIJ
1848,1,9,17,33,42,10,HHOIB
1847,2,6,22,28,34,9,DOFFK
1846,3,23,30,32,40,10,SGBHF
1845,1,40,41,42,43,8,kAAAA
1844,2,32,34,41,43,10,bBGBB
1843,1,8,10,12,40,16,GBB@D
1842,7,22,25,32,33,10,ÑCGAP
1841,1,15,24,29,33,13,NIEDK
1840,2,30,32,35,36,12,@BCAI
1839,12,19,20,33,39,12,GAMFO
1838,2,4,32,33,41,9,B@AHD
1837,9,10,15,22,24,11,AEGB@
1836,4,6,18,32,42,1,BLNJE
1835,11,13,14,23,42,14,BAIRL
1834,1,6,17,26,35,6,EKIII
1833,8,10,30,35,40,1,BSEEK
1832,11,14,16,19,33,11,CBCNT
1831,3,10,28,29,33,5,GQADM
1830,5,26,31,39,40,16,TEHAH
1829,8,12,15,27,35,16,DCLHO
1828,6,14,15,28,30,15,HAMBR
1827,3,17,21,28,31,16,NDGCÑ
1826,16,17,23,34,36,8,AFKBV
1825,7,23,33,35,36,8,OJBAN
1824,6,7,16,38,39,12,AIUAJ
1823,14,20,28,36,37,12,FHHAS
1822,23,26,28,37,43,13,CBIFV
1821,9,18,25,38,39,10,IGMAM
1820,5,6,15,27,30,6,AILCQ
1819,2,8,20,22,28,6,FLBFP
1818,9,22,25,30,40,6,MCEJL
1817,6,27,28,36,40,4,TAHDI
1816,2,5,17,20,23,3,CLCCU
1815,4,8,18,20,24,12,DJBDV
1814,12,14,16,25,28,15,BBICZ
1813,5,16,25,39,41,9,KINBG
1812,3,6,9,24,30,2,CCÑFO
1811,4,16,18,22,27,13,LBDES
1810,11,12,17,27,41,13,AEJNM
1809,7,25,31,33,41,8,QFBHI
1808,6,19,30,34,35,9,MKDAN
1807,24,33,35,36,41,5,IBAEY
1806,3,9,29,31,41,5,FSBJE
1805,3,18,23,28,43,15,ÑEEÑC
1804,7,8,17,32,37,4,AIÑEM
1803,2,8,19,23,37,1,FKDNH
1802,13,15,24,29,30,11,BIEAY
1801,5,15,21,22,39,11,JFAPI
1800,16,23,25,26,36,16,GBAJV
1799,1,5,13,22,23,12,DHIAT
1798,3,7,10,13,21,15,DCCHX
1797,4,15,30,38,42,1,KÑHDE
1796,1,13,20,22,32,14,LGBJL
1795,4,32,35,36,37,16,@CAAJ
1794,21,24,31,39,42,14,CGHCU
1793,4,19,30,34,43,8,ÑKDID
1792,7,11,14,30,42,12,DCOLH
1791,1,11,14,15,40,7,JCAXD
1790,2,3,12,19,35,12,AIGOJ
1789,13,28,31,35,43,2,ÑCDHM
1788,2,23,27,28,34,9,TDAFK
1787,4,8,12,19,30,1,DDGKP
1786,7,8,27,38,39,2,ARKAK
1785,4,8,17,23,38,2,DIFÑI
1784,2,23,25,33,36,4,TBHCI
1783,8,21,33,34,42,15,MLAHI
1782,3,4,8,19,24,11,ADKEU
1781,11,16,18,34,36,7,EBOBQ
1780,4,20,27,32,40,16,OGEHG
1779,5,10,16,35,39,8,EFRDI
1778,18,32,35,42,43,3,NCGAQ
1777,1,2,5,14,30,1,ACION
1776,22,27,28,30,34,16,EABDc
1775,24,31,32,34,42,12,GABHX
1774,14,16,32,34,39,7,BOBEQ
1773,19,25,29,36,43,6,FDGGR
1772,10,11,15,23,38,12,ADHÑÑ
1771,10,14,30,37,42,1,DOGEK
1770,4,22,29,32,40,3,QGCHG
1769,10,12,17,20,32,14,BECLT
1768,1,4,36,37,43,14,CdAFA
1767,8,17,20,21,32,7,ICAKR
1766,1,3,6,18,20,16,BCLBW
1765,6,8,12,17,31,2,BDENQ
1764,13,20,26,36,40,14,GFJDO
1763,4,7,17,18,20,9,CJABZ
1762,20,23,26,34,37,12,CCHCY
1761,2,11,19,21,23,8,IHBBU
1760,10,18,21,22,33,13,HCAKS
1759,1,12,20,25,35,4,KHEJI
1758,3,14,26,31,40,6,KLEIF
1757,16,23,28,30,40,12,GEBJR
1756,5,24,29,41,43,6,RELBE
1755,2,19,27,37,40,4,PHJCE
1754,3,5,17,30,37,8,BLMGI
1753,12,16,22,31,32,15,DFIAV
1752,25,29,32,35,41,13,DCCFZ
1751,2,6,14,15,39,4,DHAWF
1750,1,11,21,37,38,6,JJOAF
1749,10,24,36,38,42,4,NLBDK
1748,2,6,8,24,37,3,DBOMH
1747,6,9,29,32,33,3,CSCAO
1746,11,13,17,25,38,6,BDHMO
1745,3,7,10,18,40,9,DCHUF
1744,19,26,27,30,32,15,GACBb
1743,6,18,22,29,40,15,LDGKI
1742,7,21,32,33,34,9,NKAAO
1741,2,6,10,15,24,4,DDEIT
1740,20,28,30,31,41,9,HBAJU
1739,1,4,5,23,26,12,CAQCQ
1738,10,19,20,22,31,3,IABIU
1737,4,29,36,38,39,2,XGBAH
1736,2,3,8,26,40,12,AEQNE
1735,2,14,27,37,41,3,LMJDD
1734,2,8,11,29,32,10,FCQCM
1733,1,10,14,34,42,15,IDSHB
1732,10,11,30,36,43,11,ARFGJ
1731,3,6,7,28,40,7,CATLF
1730,7,16,24,35,43,10,IHKHG
1729,9,13,14,17,34,8,DACPQ
1728,7,8,10,42,43,2,ABdAG
1727,10,19,20,21,24,10,IAACa
1726,8,20,22,37,43,3,LBÑFH
1725,5,22,24,33,43,12,PBIJE
1724,4,12,28,33,43,13,HOEJD
1723,11,12,19,32,33,3,AGMAT
1722,2,12,16,24,40,7,JDHOE
1721,2,21,31,34,42,1,RJCHC
1720,6,9,10,13,22,8,CACIZ
1719,13,16,24,35,36,12,CHKAS
1718,2,4,21,27,42,3,BPFÑC
1717,17,23,24,36,38,1,FALBU
1716,5,18,19,26,31,9,MAGEP
1715,23,24,30,34,41,1,AFDGX
1714,4,11,18,36,41,1,GGQEF
1713,2,15,16,22,28,11,MAFFP
1712,27,39,40,41,42,16,LAAA@
1711,5,20,34,35,43,5,ÑNAHE
1710,1,2,7,28,38,12,AETJF
1709,19,31,32,34,41,12,LABGT
1708,13,17,30,34,43,14,DMDIM
1707,10,12,15,41,43,6,BCYBJ
1706,16,22,24,41,43,9,FBPBO
1705,2,6,14,20,27,1,DHFGQ
1704,4,6,20,29,38,12,BNIII
1703,10,12,27,34,40,10,BÑGFM
1702,3,12,14,23,41,10,IBIQE
1701,2,6,8,12,29,13,DBDPO
1700,4,17,33,34,35,14,MOAAL
1699,11,14,23,30,35,12,CIGER
1698,17,18,31,34,39,14,AMCET
1697,4,29,30,31,42,16,XAAKE
1696,9,10,27,35,42,12,APHGJ
1695,26,29,30,35,36,6,CAEAe
1694,1,11,19,20,37,5,JHAPG
1693,13,15,16,31,37,14,BAÑFR
1692,16,25,31,32,34,5,IFABX
1691,4,17,21,35,40,1,MDNEG
1690,4,7,8,24,41,13,CAOPF
1689,1,3,7,16,32,4,BDIOL
1688,12,21,25,27,34,10,IDBGT
1687,10,19,32,38,40,14,IMFBM
1686,5,13,17,22,40,13,HDEQH
1685,22,25,26,40,43,14,CANCU
1684,3,13,16,20,26,1,JCDFS
1683,8,10,19,22,30,3,BICHT
1682,5,20,21,25,26,3,ÑADAU
1681,17,28,29,37,40,14,KAHCS
1680,11,28,31,33,41,7,PCBHM
1679,4,13,20,31,33,8,IGKBN
1678,1,20,25,27,34,3,REBGJ
1677,14,22,24,25,32,7,HBAGX
1676,3,4,29,40,43,4,AXKCC
1675,3,5,8,20,24,14,BCLDU
1674,5,12,15,20,42,14,GCEUF
1673,8,21,22,37,38,4,MAÑAM
1672,9,12,16,28,38,1,CDLJN
1671,3,9,10,21,40,10,FAKRF
1975,9,22,25,31,40,15,MCFIL
1974,2,14,26,29,40,8,LLCKE
1973,3,17,22,35,36,12,NEMAJ
1972,23,25,26,27,41,9,BAANX
1971,2,10,11,17,22,12,HAFEV
1970,5,12,14,15,40,5,GBAXH
1969,2,7,15,16,22,4,EHAFV
1968,1,11,23,30,32,14,JLGBL
1967,5,11,22,27,35,15,FKEHM
1966,1,5,15,18,39,7,DJCTE
1965,3,27,35,39,42,15,WHDCD
1964,6,11,28,34,39,11,EPFEJ
1963,3,6,7,21,34,5,CANML
1962,4,8,22,25,28,14,DNCCR
1961,2,10,13,16,26,11,HCCJR
1960,6,19,31,33,39,5,MLBFJ
1959,9,16,26,29,31,16,GJCBT
1958,4,26,32,36,42,4,UFDFE
1957,8,17,18,37,42,11,IAREI
1956,4,13,18,29,37,13,IEKHJ
1955,10,20,23,28,39,8,JCEKN
1954,4,15,17,19,25,1,KBBFU
1953,4,8,16,31,37,7,DHÑFJ
1952,8,18,19,22,38,11,JACOM
1951,1,9,20,33,41,9,HKMHC
1950,9,19,20,35,39,12,JAÑDM
1949,13,21,22,24,32,16,HABHW
1948,6,7,15,38,40,16,AHVBI
1947,1,8,9,22,23,7,GAMAT
1946,8,15,26,32,37,3,GKFEN
1945,2,10,36,37,40,15,HYACE
1944,2,4,18,28,33,11,BNJEL
1943,8,22,24,25,40,12,NBAÑK
1942,8,18,22,23,28,11,JDAEV
1941,2,5,13,27,41,7,CHNND
1940,1,10,15,20,28,15,IEEHO
1939,6,21,23,31,32,15,ÑBHAP
1938,8,14,20,23,28,7,FFCEV
1937,4,8,10,26,32,3,DBOFÑ
1936,11,18,30,40,42,10,GLJBL
1935,11,19,20,27,28,4,HAGAY
1934,7,18,21,23,28,13,KCBEU
1933,1,19,31,36,41,15,QLEEC
1932,1,12,23,29,38,9,KKFIF
1931,4,9,10,17,25,6,EAGHU
1930,3,20,24,37,38,11,PDMAH
1929,7,9,10,22,39,8,BALPK
1928,2,7,26,32,33,12,ERFAL
1927,3,4,7,13,24,14,ACFKU
1926,4,8,14,29,41,10,DFÑLF
1925,1,7,19,22,34,3,FLCLJ
1924,9,10,14,41,42,11,ADZAJ
1923,2,25,26,28,35,1,VABGJ
1922,14,20,23,33,38,10,FCJER
1921,1,2,5,21,35,12,ACONI
1920,10,18,23,29,41,7,HEFLL
1919,4,7,11,39,43,6,CD@DD
1918,2,7,16,26,41,2,EIJÑD
1917,8,15,21,27,32,3,GFFER
1916,3,15,26,31,34,3,LKECL
1915,17,24,25,40,42,4,GAÑBQ
1914,8,14,28,36,43,13,FNHGH
1913,7,15,27,32,40,5,HLEHJ
1912,7,15,22,23,42,2,HGARH
1911,15,29,32,40,43,16,NCHCÑ
1910,4,25,31,38,43,12,TFGED
1909,4,11,24,26,27,5,GMBAS
1908,2,3,10,24,28,11,AGNDP
1907,5,16,18,25,30,1,KBGEQ
1906,6,10,14,21,26,15,DDGEV
1905,5,19,20,22,34,11,NABLN
1904,7,9,11,13,38,15,BBBXL
1903,3,20,28,37,39,4,PHIBG
1902,2,4,19,27,34,3,BÑHGK
1901,15,20,25,35,43,9,EEJHÑ
1900,3,4,22,38,43,12,AQOEC
1899,8,26,31,38,39,11,QEGAL
1898,18,31,33,34,42,8,MBAHR
1897,2,5,12,38,40,7,CGYBE
1896,9,10,26,30,36,10,AODFO
1895,2,3,12,29,31,3,AIPBN
1894,1,5,8,20,29,13,DCLIÑ
1893,3,29,30,36,37,3,YAFAI
1892,13,16,17,22,25,1,CAECc
1891,7,17,18,24,28,4,JAFDU
1890,6,20,22,30,34,5,NBHDÑ
1889,4,6,20,27,35,13,BNGHL
1888,3,18,24,34,36,4,ÑFJBJ
1887,13,26,33,35,40,13,MGBEO
1886,14,22,23,31,38,9,HAHGR
1885,13,19,28,39,42,15,FIKCN
1884,11,15,23,26,39,3,DHCMÑ
1883,9,11,31,35,36,10,BSDAO
1882,9,15,24,31,36,3,FIGEO
1881,2,15,30,37,38,13,MÑGAG
1880,12,13,14,31,35,9,AAPDS
1879,1,12,13,19,27,4,KAFHP
1878,2,9,15,30,32,8,GFÑBM
1877,4,18,22,34,41,10,NDLGF
1876,5,7,8,14,28,9,BAFNS
1875,7,13,28,34,40,15,FÑFFJ
1874,3,20,22,33,35,9,PBKBK
1873,2,9,18,31,42,13,GIMKC
1872,3,9,15,29,41,2,FFNLE
1871,6,24,27,32,39,2,QCEGJ
1870,17,26,30,37,40,13,IDGCS
1869,1,14,31,34,42,14,MPCHB
1868,1,8,10,15,40,2,GBEXD
1867,1,8,12,14,30,7,GDBON
1866,7,11,17,18,43,5,DFAXG
1865,10,14,29,35,37,1,DÑFBO
1864,3,20,24,27,28,9,PDCAQ
1863,3,5,7,13,16,13,BBFCb
1862,2,19,25,26,28,12,PFABP
1861,6,13,14,30,34,5,GAODÑ
1860,5,17,27,29,30,3,LJBAQ
1859,11,13,18,21,37,1,BECOP
1858,16,17,31,36,38,4,ANEBT
1857,20,22,23,26,28,10,BACBg
1856,9,10,13,14,37,10,ACAVÑ
1855,5,20,26,34,37,7,ÑFHCK
1854,8,12,29,30,31,1,DPAAS
1853,8,18,19,32,42,15,JAMJI
1852,12,17,27,29,32,8,EJBCV
1851,21,31,33,35,41,9,JBBFV
1850,1,4,8,14,41,3,CDFZC
1849,10,13,21,34,43,11,CHMIJ
1848,1,9,17,33,42,10,HHOIB
1847,2,6,22,28,34,9,DOFFK
1846,3,23,30,32,40,10,SGBHF
1845,1,40,41,42,43,8,kAAAA
1844,2,32,34,41,43,10,bBGBB
1843,1,8,10,12,40,16,GBB@D
1842,7,22,25,32,33,10,ÑCGAP
1841,1,15,24,29,33,13,NIEDK
1840,2,30,32,35,36,12,@BCAI
1839,12,19,20,33,39,12,GAMFO
1838,2,4,32,33,41,9,B@AHD
1837,9,10,15,22,24,11,AEGB@
1836,4,6,18,32,42,1,BLNJE
1835,11,13,14,23,42,14,BAIRL
1834,1,6,17,26,35,6,EKIII
1833,8,10,30,35,40,1,BSEEK
1832,11,14,16,19,33,11,CBCNT
1831,3,10,28,29,33,5,GQADM
1830,5,26,31,39,40,16,TEHAH
1829,8,12,15,27,35,16,DCLHO
1828,6,14,15,28,30,15,HAMBR
1827,3,17,21,28,31,16,NDGCÑ
1826,16,17,23,34,36,8,AFKBV
1825,7,23,33,35,36,8,OJBAN
1824,6,7,16,38,39,12,AIUAJ
1823,14,20,28,36,37,12,FHHAS
1822,23,26,28,37,43,13,CBIFV
1821,9,18,25,38,39,10,IGMAM
1820,5,6,15,27,30,6,AILCQ
1819,2,8,20,22,28,6,FLBFP
1818,9,22,25,30,40,6,MCEJL
1817,6,27,28,36,40,4,TAHDI
1816,2,5,17,20,23,3,CLCCU
1815,4,8,18,20,24,12,DJBDV
1814,12,14,16,25,28,15,BBICZ
1813,5,16,25,39,41,9,KINBG
1812,3,6,9,24,30,2,CCÑFO
1811,4,16,18,22,27,13,LBDES
1810,11,12,17,27,41,13,AEJNM
1809,7,25,31,33,41,8,QFBHI
1808,6,19,30,34,35,9,MKDAN
1807,24,33,35,36,41,5,IBAEY
1806,3,9,29,31,41,5,FSBJE
1805,3,18,23,28,43,15,ÑEEÑC
1804,7,8,17,32,37,4,AIÑEM
1803,2,8,19,23,37,1,FKDNH
1802,13,15,24,29,30,11,BIEAY
1801,5,15,21,22,39,11,JFAPI
1800,16,23,25,26,36,16,GBAJV
1799,1,5,13,22,23,12,DHIAT
1798,3,7,10,13,21,15,DCCHX
1797,4,15,30,38,42,1,KÑHDE
1796,1,13,20,22,32,14,LGBJL
1795,4,32,35,36,37,16,@CAAJ
1794,21,24,31,39,42,14,CGHCU
1793,4,19,30,34,43,8,ÑKDID
1792,7,11,14,30,42,12,DCOLH
1791,1,11,14,15,40,7,JCAXD
1790,2,3,12,19,35,12,AIGOJ
1789,13,28,31,35,43,2,ÑCDHM
1788,2,23,27,28,34,9,TDAFK
1787,4,8,12,19,30,1,DDGKP
1786,7,8,27,38,39,2,ARKAK
1785,4,8,17,23,38,2,DIFÑI
1784,2,23,25,33,36,4,TBHCI
1783,8,21,33,34,42,15,MLAHI
1782,3,4,8,19,24,11,ADKEU
1781,11,16,18,34,36,7,EBOBQ
1780,4,20,27,32,40,16,OGEHG
1779,5,10,16,35,39,8,EFRDI
1778,18,32,35,42,43,3,NCGAQ
1777,1,2,5,14,30,1,ACION
1776,22,27,28,30,34,16,EABDc
1775,24,31,32,34,42,12,GABHX
1774,14,16,32,34,39,7,BOBEQ
1773,19,25,29,36,43,6,FDGGR
1772,10,11,15,23,38,12,ADHÑÑ
1771,10,14,30,37,42,1,DOGEK
1770,4,22,29,32,40,3,QGCHG
1769,10,12,17,20,32,14,BECLT
1768,1,4,36,37,43,14,CdAFA
1767,8,17,20,21,32,7,ICAKR
1766,1,3,6,18,20,16,BCLBW
1765,6,8,12,17,31,2,BDENQ
1764,13,20,26,36,40,14,GFJDO
1763,4,7,17,18,20,9,CJABZ
1762,20,23,26,34,37,12,CCHCY
1761,2,11,19,21,23,8,IHBBU
1760,10,18,21,22,33,13,HCAKS
1759,1,12,20,25,35,4,KHEJI
1758,3,14,26,31,40,6,KLEIF
1757,16,23,28,30,40,12,GEBJR
1756,5,24,29,41,43,6,RELBE
1755,2,19,27,37,40,4,PHJCE
1754,3,5,17,30,37,8,BLMGI
1753,12,16,22,31,32,15,DFIAV
1752,25,29,32,35,41,13,DCCFZ
1751,2,6,14,15,39,4,DHAWF
1750,1,11,21,37,38,6,JJOAF
1749,10,24,36,38,42,4,NLBDK
1748,2,6,8,24,37,3,DBOMH
1747,6,9,29,32,33,3,CSCAO
1746,11,13,17,25,38,6,BDHMO
1745,3,7,10,18,40,9,DCHUF
1744,19,26,27,30,32,15,GACBb
1743,6,18,22,29,40,15,LDGKI
1742,7,21,32,33,34,9,NKAAO
1741,2,6,10,15,24,4,DDEIT
1740,20,28,30,31,41,9,HBAJU
1739,1,4,5,23,26,12,CAQCQ
1738,10,19,20,22,31,3,IABIU
1737,4,29,36,38,39,2,XGBAH
1736,2,3,8,26,40,12,AEQNE
1735,2,14,27,37,41,3,LMJDD
1734,2,8,11,29,32,10,FCQCM
1733,1,10,14,34,42,15,IDSHB
1732,10,11,30,36,43,11,ARFGJ
1731,3,6,7,28,40,7,CATLF
1730,7,16,24,35,43,10,IHKHG
1729,9,13,14,17,34,8,DACPQ
1728,7,8,10,42,43,2,ABdAG
1727,10,19,20,21,24,10,IAACa
1726,8,20,22,37,43,3,LBÑFH
1725,5,22,24,33,43,12,PBIJE
1724,4,12,28,33,43,13,HOEJD
1723,11,12,19,32,33,3,AGMAT
1722,2,12,16,24,40,7,JDHOE
1721,2,21,31,34,42,1,RJCHC
1720,6,9,10,13,22,8,CACIZ
1719,13,16,24,35,36,12,CHKAS
1718,2,4,21,27,42,3,BPFÑC
1717,17,23,24,36,38,1,FALBU
1716,5,18,19,26,31,9,MAGEP
1715,23,24,30,34,41,1,AFDGX
1714,4,11,18,36,41,1,GGQEF
1713,2,15,16,22,28,11,MAFFP
1712,27,39,40,41,42,16,LAAA@
1711,5,20,34,35,43,5,ÑNAHE
1710,1,2,7,28,38,12,AETJF
1709,19,31,32,34,41,12,LABGT
1708,13,17,30,34,43,14,DMDIM
1707,10,12,15,41,43,6,BCYBJ
1706,16,22,24,41,43,9,FBPBO
1705,2,6,14,20,27,1,DHFGQ
1704,4,6,20,29,38,12,BNIII
1703,10,12,27,34,40,10,BÑGFM
1702,3,12,14,23,41,10,IBIQE
1701,2,6,8,12,29,13,DBDPO
1700,4,17,33,34,35,14,MOAAL
1699,11,14,23,30,35,12,CIGER
1698,17,18,31,34,39,14,AMCET
1697,4,29,30,31,42,16,XAAKE
1696,9,10,27,35,42,12,APHGJ
1695,26,29,30,35,36,6,CAEAe
1694,1,11,19,20,37,5,JHAPG
1693,13,15,16,31,37,14,BAÑFR
1692,16,25,31,32,34,5,IFABX
1691,4,17,21,35,40,1,MDNEG
1690,4,7,8,24,41,13,CAOPF
1689,1,3,7,16,32,4,BDIOL
1688,12,21,25,27,34,10,IDBGT
1687,10,19,32,38,40,14,IMFBM
1686,5,13,17,22,40,13,HDEQH
1685,22,25,26,40,43,14,CANCU
1684,3,13,16,20,26,1,JCDFS
1683,8,10,19,22,30,3,BICHT
1682,5,20,21,25,26,3,ÑADAU
1681,17,28,29,37,40,14,KAHCS
1680,11,28,31,33,41,7,PCBHM
1679,4,13,20,31,33,8,IGKBN
1678,1,20,25,27,34,3,REBGJ
1677,14,22,24,25,32,7,HBAGX
1676,3,4,29,40,43,4,AXKCC
1675,3,5,8,20,24,14,BCLDU
1674,5,12,15,20,42,14,GCEUF
1673,8,21,22,37,38,4,MAÑAM
1672,9,12,16,28,38,1,CDLJN
1671,3,9,10,21,40,10,FAKRF
1975,9,22,25,31,40,15,MCFIL
1974,2,14,26,29,40,8,LLCKE
1973,3,17,22,35,36,12,NEMAJ
1972,23,25,26,27,41,9,BAANX
1971,2,10,11,17,22,12,HAFEV
1970,5,12,14,15,40,5,GBAXH
1969,2,7,15,16,22,4,EHAFV
1968,1,11,23,30,32,14,JLGBL
1967,5,11,22,27,35,15,FKEHM
1966,1,5,15,18,39,7,DJCTE
1965,3,27,35,39,42,15,WHDCD
1964,6,11,28,34,39,11,EPFEJ
1963,3,6,7,21,34,5,CANML
1962,4,8,22,25,28,14,DNCCR
1961,2,10,13,16,26,11,HCCJR
1960,6,19,31,33,39,5,MLBFJ
1959,9,16,26,29,31,16,GJCBT
1958,4,26,32,36,42,4,UFDFE
1957,8,17,18,37,42,11,IAREI
1956,4,13,18,29,37,13,IEKHJ
1955,10,20,23,28,39,8,JCEKN
1954,4,15,17,19,25,1,KBBFU
1953,4,8,16,31,37,7,DHÑFJ
1952,8,18,19,22,38,11,JACOM
1951,1,9,20,33,41,9,HKMHC
1950,9,19,20,35,39,12,JAÑDM
1949,13,21,22,24,32,16,HABHW
1948,6,7,15,38,40,16,AHVBI
1947,1,8,9,22,23,7,GAMAT
1946,8,15,26,32,37,3,GKFEN
1945,2,10,36,37,40,15,HYACE
1944,2,4,18,28,33,11,BNJEL
1943,8,22,24,25,40,12,NBAÑK
1942,8,18,22,23,28,11,JDAEV
1941,2,5,13,27,41,7,CHNND
1940,1,10,15,20,28,15,IEEHO
1939,6,21,23,31,32,15,ÑBHAP
1938,8,14,20,23,28,7,FFCEV
1937,4,8,10,26,32,3,DBOFÑ
1936,11,18,30,40,42,10,GLJBL
1935,11,19,20,27,28,4,HAGAY
1934,7,18,21,23,28,13,KCBEU
1933,1,19,31,36,41,15,QLEEC
1932,1,12,23,29,38,9,KKFIF
1931,4,9,10,17,25,6,EAGHU
1930,3,20,24,37,38,11,PDMAH
1929,7,9,10,22,39,8,BALPK
1928,2,7,26,32,33,12,ERFAL
1927,3,4,7,13,24,14,ACFKU
1926,4,8,14,29,41,10,DFÑLF
1925,1,7,19,22,34,3,FLCLJ
1924,9,10,14,41,42,11,ADZAJ
1923,2,25,26,28,35,1,VABGJ
1922,14,20,23,33,38,10,FCJER
1921,1,2,5,21,35,12,ACONI
1920,10,18,23,29,41,7,HEFLL
1919,4,7,11,39,43,6,CD@DD
1918,2,7,16,26,41,2,EIJÑD
1917,8,15,21,27,32,3,GFFER
1916,3,15,26,31,34,3,LKECL
1915,17,24,25,40,42,4,GAÑBQ
1914,8,14,28,36,43,13,FNHGH
1913,7,15,27,32,40,5,HLEHJ
1912,7,15,22,23,42,2,HGARH
1911,15,29,32,40,43,16,NCHCÑ
1910,4,25,31,38,43,12,TFGED
1909,4,11,24,26,27,5,GMBAS
1908,2,3,10,24,28,11,AGNDP
1907,5,16,18,25,30,1,KBGEQ
1906,6,10,14,21,26,15,DDGEV
1905,5,19,20,22,34,11,NABLN
1904,7,9,11,13,38,15,BBBXL
1903,3,20,28,37,39,4,PHIBG
1902,2,4,19,27,34,3,BÑHGK
1901,15,20,25,35,43,9,EEJHÑ
1900,3,4,22,38,43,12,AQOEC
1899,8,26,31,38,39,11,QEGAL
1898,18,31,33,34,42,8,MBAHR
1897,2,5,12,38,40,7,CGYBE
1896,9,10,26,30,36,10,AODFO
1895,2,3,12,29,31,3,AIPBN
1894,1,5,8,20,29,13,DCLIÑ
1893,3,29,30,36,37,3,YAFAI
1892,13,16,17,22,25,1,CAECc
1891,7,17,18,24,28,4,JAFDU
1890,6,20,22,30,34,5,NBHDÑ
1889,4,6,20,27,35,13,BNGHL
1888,3,18,24,34,36,4,ÑFJBJ
1887,13,26,33,35,40,13,MGBEO
1886,14,22,23,31,38,9,HAHGR
1885,13,19,28,39,42,15,FIKCN
1884,11,15,23,26,39,3,DHCMÑ
1883,9,11,31,35,36,10,BSDAO
1882,9,15,24,31,36,3,FIGEO
1881,2,15,30,37,38,13,MÑGAG
1880,12,13,14,31,35,9,AAPDS
1879,1,12,13,19,27,4,KAFHP
1878,2,9,15,30,32,8,GFÑBM
1877,4,18,22,34,41,10,NDLGF
1876,5,7,8,14,28,9,BAFNS
1875,7,13,28,34,40,15,FÑFFJ
1874,3,20,22,33,35,9,PBKBK
1873,2,9,18,31,42,13,GIMKC
1872,3,9,15,29,41,2,FFNLE
1871,6,24,27,32,39,2,QCEGJ
1870,17,26,30,37,40,13,IDGCS
1869,1,14,31,34,42,14,MPCHB
1868,1,8,10,15,40,2,GBEXD
1867,1,8,12,14,30,7,GDBON
1866,7,11,17,18,43,5,DFAXG
1865,10,14,29,35,37,1,DÑFBO
1864,3,20,24,27,28,9,PDCAQ
1863,3,5,7,13,16,13,BBFCb
1862,2,19,25,26,28,12,PFABP
1861,6,13,14,30,34,5,GAODÑ
1860,5,17,27,29,30,3,LJBAQ
1859,11,13,18,21,37,1,BECOP
1858,16,17,31,36,38,4,ANEBT
1857,20,22,23,26,28,10,BACBg
1856,9,10,13,14,37,10,ACAVÑ
1855,5,20,26,34,37,7,ÑFHCK
1854,8,12,29,30,31,1,DPAAS
1853,8,18,19,32,42,15,JAMJI
1852,12,17,27,29,32,8,EJBCV
1851,21,31,33,35,41,9,JBBFV
1850,1,4,8,14,41,3,CDFZC
1849,10,13,21,34,43,11,CHMIJ
1848,1,9,17,33,42,10,HHOIB
1847,2,6,22,28,34,9,DOFFK
1846,3,23,30,32,40,10,SGBHF
1845,1,40,41,42,43,8,kAAAA
1844,2,32,34,41,43,10,bBGBB
1843,1,8,10,12,40,16,GBB@D
1842,7,22,25,32,33,10,ÑCGAP
1841,1,15,24,29,33,13,NIEDK
1840,2,30,32,35,36,12,@BCAI
1839,12,19,20,33,39,12,GAMFO
1838,2,4,32,33,41,9,B@AHD
1837,9,10,15,22,24,11,AEGB@
1836,4,6,18,32,42,1,BLNJE
1835,11,13,14,23,42,14,BAIRL
1834,1,6,17,26,35,6,EKIII
1833,8,10,30,35,40,1,BSEEK
1832,11,14,16,19,33,11,CBCNT
1831,3,10,28,29,33,5,GQADM
1830,5,26,31,39,40,16,TEHAH
1829,8,12,15,27,35,16,DCLHO
1828,6,14,15,28,30,15,HAMBR
1827,3,17,21,28,31,16,NDGCÑ
1826,16,17,23,34,36,8,AFKBV
1825,7,23,33,35,36,8,OJBAN
1824,6,7,16,38,39,12,AIUAJ
1823,14,20,28,36,37,12,FHHAS
1822,23,26,28,37,43,13,CBIFV
1821,9,18,25,38,39,10,IGMAM
1820,5,6,15,27,30,6,AILCQ
1819,2,8,20,22,28,6,FLBFP
1818,9,22,25,30,40,6,MCEJL
1817,6,27,28,36,40,4,TAHDI
1816,2,5,17,20,23,3,CLCCU
1815,4,8,18,20,24,12,DJBDV
1814,12,14,16,25,28,15,BBICZ
1813,5,16,25,39,41,9,KINBG
1812,3,6,9,24,30,2,CCÑFO
1811,4,16,18,22,27,13,LBDES
1810,11,12,17,27,41,13,AEJNM
1809,7,25,31,33,41,8,QFBHI
1808,6,19,30,34,35,9,MKDAN
1807,24,33,35,36,41,5,IBAEY
1806,3,9,29,31,41,5,FSBJE
1805,3,18,23,28,43,15,ÑEEÑC
1804,7,8,17,32,37,4,AIÑEM
1803,2,8,19,23,37,1,FKDNH
1802,13,15,24,29,30,11,BIEAY
1801,5,15,21,22,39,11,JFAPI
1800,16,23,25,26,36,16,GBAJV
1799,1,5,13,22,23,12,DHIAT
1798,3,7,10,13,21,15,DCCHX
1797,4,15,30,38,42,1,KÑHDE
1796,1,13,20,22,32,14,LGBJL
1795,4,32,35,36,37,16,@CAAJ
1794,21,24,31,39,42,14,CGHCU
1793,4,19,30,34,43,8,ÑKDID
1792,7,11,14,30,42,12,DCOLH
1791,1,11,14,15,40,7,JCAXD
1790,2,3,12,19,35,12,AIGOJ
1789,13,28,31,35,43,2,ÑCDHM
1788,2,23,27,28,34,9,TDAFK
1787,4,8,12,19,30,1,DDGKP
1786,7,8,27,38,39,2,ARKAK
1785,4,8,17,23,38,2,DIFÑI
1784,2,23,25,33,36,4,TBHCI
1783,8,21,33,34,42,15,MLAHI
1782,3,4,8,19,24,11,ADKEU
1781,11,16,18,34,36,7,EBOBQ
1780,4,20,27,32,40,16,OGEHG
1779,5,10,16,35,39,8,EFRDI
1778,18,32,35,42,43,3,NCGAQ
1777,1,2,5,14,30,1,ACION
1776,22,27,28,30,34,16,EABDc
1775,24,31,32,34,42,12,GABHX
1774,14,16,32,34,39,7,BOBEQ
1773,19,25,29,36,43,6,FDGGR
1772,10,11,15,23,38,12,ADHÑÑ
1771,10,14,30,37,42,1,DOGEK
1770,4,22,29,32,40,3,QGCHG
1769,10,12,17,20,32,14,BECLT
1768,1,4,36,37,43,14,CdAFA
1767,8,17,20,21,32,7,ICAKR
1766,1,3,6,18,20,16,BCLBW
1765,6,8,12,17,31,2,BDENQ
1764,13,20,26,36,40,14,GFJDO
1763,4,7,17,18,20,9,CJABZ
1762,20,23,26,34,37,12,CCHCY
1761,2,11,19,21,23,8,IHBBU
1760,10,18,21,22,33,13,HCAKS
1759,1,12,20,25,35,4,KHEJI
1758,3,14,26,31,40,6,KLEIF
1757,16,23,28,30,40,12,GEBJR
1756,5,24,29,41,43,6,RELBE
1755,2,19,27,37,40,4,PHJCE
1754,3,5,17,30,37,8,BLMGI
1753,12,16,22,31,32,15,DFIAV
1752,25,29,32,35,41,13,DCCFZ
1751,2,6,14,15,39,4,DHAWF
1750,1,11,21,37,38,6,JJOAF
1749,10,24,36,38,42,4,NLBDK
1748,2,6,8,24,37,3,DBOMH
1747,6,9,29,32,33,3,CSCAO
1746,11,13,17,25,38,6,BDHMO
1745,3,7,10,18,40,9,DCHUF
1744,19,26,27,30,32,15,GACBb
1743,6,18,22,29,40,15,LDGKI
1742,7,21,32,33,34,9,NKAAO
1741,2,6,10,15,24,4,DDEIT
1740,20,28,30,31,41,9,HBAJU
1739,1,4,5,23,26,12,CAQCQ
1738,10,19,20,22,31,3,IABIU
1737,4,29,36,38,39,2,XGBAH
1736,2,3,8,26,40,12,AEQNE
1735,2,14,27,37,41,3,LMJDD
1734,2,8,11,29,32,10,FCQCM
1733,1,10,14,34,42,15,IDSHB
1732,10,11,30,36,43,11,ARFGJ
1731,3,6,7,28,40,7,CATLF
1730,7,16,24,35,43,10,IHKHG
1729,9,13,14,17,34,8,DACPQ
1728,7,8,10,42,43,2,ABdAG
1727,10,19,20,21,24,10,IAACa
1726,8,20,22,37,43,3,LBÑFH
1725,5,22,24,33,43,12,PBIJE
1724,4,12,28,33,43,13,HOEJD
1723,11,12,19,32,33,3,AGMAT
1722,2,12,16,24,40,7,JDHOE
1721,2,21,31,34,42,1,RJCHC
1720,6,9,10,13,22,8,CACIZ
1719,13,16,24,35,36,12,CHKAS
1718,2,4,21,27,42,3,BPFÑC
1717,17,23,24,36,38,1,FALBU
1716,5,18,19,26,31,9,MAGEP
1715,23,24,30,34,41,1,AFDGX
1714,4,11,18,36,41,1,GGQEF
1713,2,15,16,22,28,11,MAFFP
1712,27,39,40,41,42,16,LAAA@
1711,5,20,34,35,43,5,ÑNAHE
1710,1,2,7,28,38,12,AETJF
1709,19,31,32,34,41,12,LABGT
1708,13,17,30,34,43,14,DMDIM
1707,10,12,15,41,43,6,BCYBJ
1706,16,22,24,41,43,9,FBPBO
1705,2,6,14,20,27,1,DHFGQ
1704,4,6,20,29,38,12,BNIII
1703,10,12,27,34,40,10,BÑGFM
1702,3,12,14,23,41,10,IBIQE
1701,2,6,8,12,29,13,DBDPO
1700,4,17,33,34,35,14,MOAAL
1699,11,14,23,30,35,12,CIGER
1698,17,18,31,34,39,14,AMCET
1697,4,29,30,31,42,16,XAAKE
1696,9,10,27,35,42,12,APHGJ
1695,26,29,30,35,36,6,CAEAe
1694,1,11,19,20,37,5,JHAPG
1693,13,15,16,31,37,14,BAÑFR
1692,16,25,31,32,34,5,IFABX
1691,4,17,21,35,40,1,MDNEG
1690,4,7,8,24,41,13,CAOPF
1689,1,3,7,16,32,4,BDIOL
1688,12,21,25,27,34,10,IDBGT
1687,10,19,32,38,40,14,IMFBM
1686,5,13,17,22,40,13,HDEQH
1685,22,25,26,40,43,14,CANCU
1684,3,13,16,20,26,1,JCDFS
1683,8,10,19,22,30,3,BICHT
1682,5,20,21,25,26,3,ÑADAU
1681,17,28,29,37,40,14,KAHCS
1680,11,28,31,33,41,7,PCBHM
1679,4,13,20,31,33,8,IGKBN
1678,1,20,25,27,34,3,REBGJ
1677,14,22,24,25,32,7,HBAGX
1676,3,4,29,40,43,4,AXKCC
1675,3,5,8,20,24,14,BCLDU
1674,5,12,15,20,42,14,GCEUF
1673,8,21,22,37,38,4,MAÑAM
1672,9,12,16,28,38,1,CDLJN
1671,3,9,10,21,40,10,FAKRF
